                      ITRF2020 STATION POSITIONS AT EPOCH 2015.0 AND VELOCITIES
                                            VLBI STATIONS


DOMES NB. SITE NAME        TECH. ID.        X/Vx       Y/Vy         Z/Vz         Sigmas            SOLN  DATA_START   DATA_END  
                                            -----------------------m/m/y---------------------
--------------------------------------------------------------------------------------------------------------------------------
10002M003 Grasse (OCA)    VLBI  7605  4581697.4036   556126.1061  4389351.6728 0.0030 0.0027 0.0019
10002M003                                  -.01390       0.01906       0.01100 .00060 .00044 .00049
10004M002 Brest           VLBI  7604  4228877.0993  -333104.3544  4747180.9145 2.5318 2.5298 2.5320
10004M002                                  -.00161       -.00209       0.00150 .09994 .09988 .09996
10302M002 Tromso          VLBI  7602  2102903.6723   721602.9652  5958201.4638 0.1508 0.1039 0.2530
10302M002                                  -.02014       0.02083       0.00773 .00644 .00451 .01039
10317S003 Ny-Alesund      VLBI  7331  1202462.4964   252734.5345  6237766.2293 0.0008 0.0008 0.0011
10317S003                                  -.01452       0.00764       0.01055 .00006 .00006 .00009
10329M001 TRYSIL          VLBI  7607  2988029.0594   655957.3131  5578669.5358 0.3832 0.1446 0.6847
10329M001                                  -.00648       0.01267       0.02121 .01690 .00637 .03020
10338S001 Ny-Alesund      VLBI  7392  1201070.6730   252129.3185  6238022.4928 0.0252 0.0253 0.0274
10338S001                                  -.01280       0.00563       0.01021 .00478 .00476 .00552
10338S002 Ny-Alesund      VLBI  7393  1201070.6730   252129.3185  6238022.4928 0.0252 0.0253 0.0274
10338S002                                  -.01280       0.00563       0.01021 .00478 .00476 .00552
10402S002 Onsala          VLBI  7213  3370605.7694   711917.7484  5349830.9189 0.0009 0.0008 0.0010
10402S002                                  -.01421       0.01469       0.01034 .00006 .00006 .00008
10402S014 Onsala          VLBI  7636  3370889.2249   711571.2712  5349692.0987 0.0023 0.0016 0.0034
10402S014                                  -.01421       0.01469       0.01034 .00006 .00006 .00008
10402S015 Onsala          VLBI  7637  3370946.7037   711534.5789  5349660.9730 0.0028 0.0018 0.0044
10402S015                                  -.01421       0.01469       0.01034 .00006 .00006 .00008
10503M002 Metsahovi       VLBI  7601  2890652.4418  1310295.5900  5513958.9052 0.0218 0.0164 0.0322
10503M002                                  -.01652       0.01448       0.00998 .00029 .00025 .00039
10503S002 Metsahovi       VLBI  7385  2892584.8179  1311715.6277  5512640.1834 0.0015 0.0013 0.0019
10503S002                                  -.01652       0.01448       0.00998 .00029 .00025 .00039
12337S008 Simeiz          VLBI  7332  3785230.6851  2551207.6987  4439796.5486 0.0056 0.0042 0.0067
12337S008                                  -.02102       0.01594       0.00964 .00041 .00030 .00050
12338S003 Badary          VLBI  7382  -838201.1239  3865751.5671  4987670.8866 0.0010 0.0013 0.0016
12338S003                                  -.02705       -.00023       -.00384 .00013 .00024 .00033
12350S001 Svetloe         VLBI  7380  2730173.6311  1562442.8201  5529969.1531 0.0010 0.0009 0.0013
12350S001                                  -.01872       0.01344       0.00745 .00008 .00007 .00011
12350S003 Svetloe         VLBI  7397  2730074.8676  1562230.7831  5530072.7562 0.0272 0.0191 0.0451
12350S003                                  -.01872       0.01344       0.00745 .00008 .00007 .00011
12351S001 ZELENCHUKSKAYA  VLBI  7381  3451207.4876  3060375.4442  4391915.0613 0.0029 0.0026 0.0038  1 00:000:00000 07:182:00000
12351S001                                  -.02152       0.01490       0.00880 .00018 .00017 .00024
12351S001 ZELENCHUKSKAYA  VLBI  7381  3451207.4931  3060375.4474  4391915.0632 0.0012 0.0011 0.0015  2 07:182:00000 00:000:00000
12351S001                                  -.02152       0.01490       0.00880 .00018 .00017 .00024
12711S001 Medicina        VLBI  7230  4461369.6650   919597.1633  4449559.4134 0.0010 0.0009 0.0011
12711S001                                  -.01817       0.01894       0.01136 .00007 .00006 .00008
12717S001 Noto            VLBI  7547  4934562.8041  1321201.5773  3806484.7657 0.0018 0.0012 0.0017
12717S001                                  -.01773       0.01765       0.01516 .00014 .00009 .00013
12734S005 Matera          VLBI  7243  4641938.4372  1393003.3616  4133325.8040 0.0010 0.0009 0.0011
12734S005                                  -.01863       0.01913       0.01454 .00007 .00006 .00008
13201S002 BARTON STACEY/C VLBI  7215  4008310.2835  -100651.0227  4943794.6497 3.4157 3.4114 3.4174
13201S002                                  0.00039       0.00074       0.00052 .09988 .09975 .09992
13296M002 BUDDON - CARNUS VLBI  7603  3526416.4531  -171421.2263  5294098.7852 2.5241 2.5237 2.5247
13296M002                                  0.00000       0.00000       0.00000 .09950 .09950 .09950
13407S010 Madrid-Robledo  VLBI  1565  4849336.5285  -360488.4421  4114749.0692 0.0092 0.0049 0.0092  1 00:000:00000 97:105:00000
13407S010                                  -.00870       0.01942       0.01342 .00047 .00023 .00047
13407S010 Madrid-Robledo  VLBI  1565  4849336.5335  -360488.4423  4114749.0664 0.0076 0.0036 0.0076  2 97:105:00000 00:000:00000
13407S010                                  -.00870       0.01942       0.01342 .00047 .00023 .00047
13407S014 Madrid-Robledo  VLBI  1567  4849339.5356  -360427.4569  4114750.8645 0.0043 0.0017 0.0043
13407S014                                  -.00870       0.01942       0.01342 .00047 .00023 .00047
13420S001 Yebes           VLBI  7333  4848780.1162  -261701.7260  4123035.9651 0.0055 0.0027 0.0053
13420S001                                  -.01002       0.01962       0.01216 .00026 .00014 .00026
13420S002 Yebes           VLBI  7386  4848761.7807  -261484.1456  4123085.0475 0.0025 0.0013 0.0024  1 00:000:00000 11:315:00000
13420S002                                  -.01002       0.01962       0.01216 .00026 .00014 .00026
13420S002 Yebes           VLBI  7386  4848761.7632  -261484.1456  4123085.0320 0.0013 0.0009 0.0013  2 11:315:00000 00:000:00000
13420S002                                  -.01002       0.01962       0.01216 .00026 .00014 .00026
13420S003 Yebes           VLBI  7389  4848831.0819  -261629.4904  4122976.5011 0.0019 0.0012 0.0019
13420S003                                  -.01002       0.01962       0.01216 .00026 .00014 .00026
14201S004 Wettzell        VLBI  7224  4075539.5965   931735.5711  4801629.5465 0.0008 0.0008 0.0009
14201S004                                  -.01598       0.01722       0.00996 .00006 .00005 .00007
14201S043 Wettzell        VLBI  7387  4075627.6330   931774.3030  4801552.3836 0.0010 0.0009 0.0012
14201S043                                  -.01598       0.01722       0.00996 .00006 .00005 .00007
14201S044 Wettzell        VLBI  7388  4075658.9398   931824.8093  4801516.2517 0.0014 0.0012 0.0016
14201S044                                  -.01598       0.01722       0.00996 .00006 .00005 .00007
14201S100 Wettzell        VLBI  7593  4075572.3923   931755.4292  4801584.5391 0.0069 0.0028 0.0080
14201S100                                  -.01598       0.01722       0.00996 .00006 .00005 .00007
14209S001 EFFELSBERG      VLBI  7203  4033947.2868   486990.8233  4900431.0839 0.0092 0.0038 0.0105  1 00:000:00000 96:275:00000
14209S001                                  -.01397       0.01699       0.01070 .00034 .00016 .00040
14209S001 EFFELSBERG      VLBI  7203  4033947.2977   486990.8298  4900431.0949 0.0047 0.0020 0.0056  2 96:275:00000 00:000:00000
14209S001                                  -.01397       0.01699       0.01070 .00034 .00016 .00040
14261M001 KIRSCHBERG      VLBI  7631  3879830.7710   987963.2392  4948713.3344 2.2495 2.2497 2.2492
14261M001                                  0.00263       -.00007       0.00325 .09993 .09994 .09991
21605S009 SHANGHAI        VLBI  7227 -2831687.4534  4675733.4463  3275327.4769 0.0033 0.0041 0.0037  1 00:000:00000 04:361:03530
21605S009                                  -.03007       -.01240       -.01191 .00022 .00028 .00025
21605S009 SHANGHAI        VLBI  7227 -2831687.4540  4675733.4624  3275327.4793 0.0020 0.0026 0.0024  2 04:361:03530 11:070:20783
21605S009                                  -.03007       -.01240       -.01191 .00022 .00028 .00025
21605S009 SHANGHAI        VLBI  7227 -2831687.4595  4675733.4562  3275327.4830 0.0014 0.0018 0.0016  3 11:070:20783 00:000:00000
21605S009                                  -.03007       -.01240       -.01191 .00022 .00028 .00025
21609S003 KUNMING         VLBI  7367 -1281152.9158  5640864.4145  2682653.4444 0.0026 0.0061 0.0035
21609S003                                  -.03438       0.00469       -.01228 .00081 .00200 .00112
21612S001 Urumqi          VLBI  7330   228310.1479  4631922.7587  4367064.0710 0.0016 0.0027 0.0027  1 00:000:00000 14:051:00000
21612S001                                  -.03218       -.00171       0.00453 .00014 .00021 .00021
21612S001 Urumqi          VLBI  7330   228310.1546  4631922.9098  4367064.2107 0.0019 0.0040 0.0040  2 14:051:00000 00:000:00000
21612S001                                  -.03218       -.00171       0.00453 .00014 .00021 .00021
21618S001 Tianma Radio Te VLBI  7379 -2826708.6660  4679237.0497  3274667.5259 0.0102 0.0150 0.0124
21618S001                                  -.02738       -.01330       -.01603 .00584 .00858 .00708
21701S001 KASHIMA         VLBI  1856 -3997892.2825  3276581.3900  3724118.0974 0.0066 0.0054 0.0066
21701S001                                  -.00079       0.00604       -.00791 .00033 .00026 .00033
21701S004 KASHIMA         VLBI  1857 -3997649.2573  3276690.8810  3724278.7087 0.0058 0.0048 0.0056  1 00:000:00000 08:128:60320
21701S004                                  -.00079       0.00604       -.00791 .00033 .00026 .00033
21701S004 KASHIMA         VLBI  1857 -3997649.2658  3276690.8848  3724278.7224 0.0040 0.0034 0.0039  2 08:128:60320 11:070:20783
21701S004                                  -.00079       0.00604       -.00791 .00033 .00026 .00033
21701S004 KASHIMA         VLBI  1857 -3997649.6101  3276690.2195  3724278.6448 0.0026 0.0023 0.0024  3 11:070:20783 00:000:00000
21701S004                                  -.00054       0.00703       0.00019 .00089 .00080 .00083
21701S006 KASHIMA         VLBI  7334 -3997505.6766  3276878.5081  3724240.5747 0.0092 0.0077 0.0086  1 00:000:00000 08:128:60320
21701S006                                  -.00079       0.00604       -.00791 .00033 .00026 .00033
21701S006 KASHIMA         VLBI  7334 -3997506.0225  3276877.8747  3724240.5023 0.0033 0.0029 0.0030  3 11:070:20783 00:000:00000
21701S006                                  -.00054       0.00703       0.00019 .00089 .00080 .00083
21702S009 MIZUSAWA        VLBI  7314 -3862411.8189  3105015.0611  4001944.7928 0.1155 0.1038 0.1111
21702S009                                  0.00506       0.00077       -.00687 .00496 .00421 .00456
21702S010 MIZUSAWA        VLBI  7324 -3857236.0338  3108803.2336  4003882.9792 0.0934 0.0814 0.0864  1 00:000:00000 02:307:13062
21702S010                                  0.00506       0.00077       -.00687 .00496 .00421 .00456
21702S010 MIZUSAWA        VLBI  7324 -3857236.0673  3108803.2868  4003883.0007 0.0492 0.0417 0.0471  4 05:228:09988 00:000:00000
21702S010                                  0.00506       0.00077       -.00687 .00496 .00421 .00456
21702S012 MIZUSAWA        VLBI  7362 -3857241.7898  3108784.8610  4003900.5205 0.0522 0.0447 0.0485  2 03:146:33873 05:228:09988
21702S012                                  0.00506       0.00077       -.00687 .00496 .00421 .00456
21702S012 MIZUSAWA        VLBI  7362 -3857241.8133  3108784.8763  4003900.5276 0.0397 0.0336 0.0363  3 05:228:09988 08:165:85425
21702S012                                  0.00506       0.00077       -.00687 .00496 .00421 .00456
21702S012 MIZUSAWA        VLBI  7362 -3857241.7642  3108785.0164  4003900.5119 0.0384 0.0329 0.0355  4 08:165:85425 11:070:20783
21702S012                                  0.00126       0.01188       -.00556 .00734 .00629 .00682
21702S012 MIZUSAWA        VLBI  7362 -3857243.8363  3108783.6716  4003899.5520 0.0128 0.0109 0.0120  5 11:070:20783 15:132:76379
21702S012                                  -.04205       0.00017       0.00736 .00557 .00476 .00531
21702S012 MIZUSAWA        VLBI  7362 -3857243.8489  3108783.6564  4003899.5395 0.0121 0.0108 0.0121  6 15:132:76379 20:110:74346
21702S012                                  -.03203       -.00542       0.00193 .00327 .00302 .00312
21702S012 MIZUSAWA        VLBI  7362 -3857243.8298  3108783.6150  4003899.5208 0.0604 0.0615 0.0564  7 20:110:74346 00:000:00000
21702S012                                  -.03203       -.00542       0.00193 .00327 .00302 .00312
21704S004 KOGANEI         VLBI  7327 -3941937.5393  3368150.9565  3702235.3307 0.0408 0.0447 0.0433  1 00:000:00000 03:268:71406
21704S004                                  -.00654       0.00284       0.00240 .00263 .00295 .00280
21704S004 KOGANEI         VLBI  7327 -3941937.6317  3368150.7628  3702235.3421 0.0040 0.0035 0.0036  5 11:070:20783 00:000:00000
21704S004                                  -.00815       0.00304       0.00671 .00185 .00161 .00163
21710S001 Uchinoura       VLBI  7349 -3586229.5201  4114103.6672  3290224.6108 0.0681 0.0736 0.0581  1 00:000:00000 11:070:20783
21710S001                                  -.02940       -.01130       -.01494 .01072 .01155 .00915
21710S001 Uchinoura       VLBI  7349 -3586229.5296  4114103.6594  3290224.6083 0.0347 0.0382 0.0313  2 11:070:20783 00:000:00000
21710S001                                  -.02940       -.01130       -.01494 .01072 .01155 .00915
21729S001 USUDA           VLBI  7246 -3855355.4329  3427427.5693  3740971.1276 0.0476 0.0426 0.0448  1 00:000:00000 11:070:20783
21729S001                                  -.00550       0.00179       -.00465 .00672 .00604 .00630
21729S001 USUDA           VLBI  7246 -3855355.5416  3427427.3585  3740971.1701 0.0649 0.0579 0.0563  2 11:070:20783 00:000:00000
21729S001                                  0.00612       -.01412       -.01427 .02740 .02460 .02436
21730S007 Tsukuba         VLBI  7345 -3957408.8085  3310229.4925  3737494.7213 0.0061 0.0054 0.0066  2 94:277:48178 04:249:36428
21730S007                                  -.00165       0.00544       -.00559 .00046 .00041 .00050
21730S007 Tsukuba         VLBI  7345 -3957408.8086  3310229.4982  3737494.7185 0.0049 0.0043 0.0053  3 04:249:36428 05:292:42283
21730S007                                  -.00165       0.00544       -.00559 .00046 .00041 .00050
21730S007 Tsukuba         VLBI  7345 -3957408.8108  3310229.4958  3737494.7221 0.0040 0.0035 0.0042  4 05:292:42283 08:128:60320
21730S007                                  -.00165       0.00544       -.00559 .00046 .00041 .00050
21730S007 Tsukuba         VLBI  7345 -3957408.8127  3310229.4957  3737494.7187 0.0029 0.0026 0.0031  5 08:128:60320 11:070:20783
21730S007                                  -.00165       0.00544       -.00559 .00046 .00041 .00050
21730S007 Tsukuba         VLBI  7345 -3957409.1258  3310229.0323  3737494.7166 0.0011 0.0011 0.0011  6 11:070:20783 00:000:00000
21730S007                                  -.01077       0.00666       -.00436 .00031 .00028 .00032
21730S008 Tsukuba         VLBI  7360 -3957184.5135  3310224.8907  3737709.0339 0.0397 0.0350 0.0355
21730S008                                  -.00165       0.00544       -.00559 .00046 .00041 .00050
21731S003 SHINTOTSUKAWA   VLBI  7346 -3642142.2639  2861496.6838  4370361.6616 0.0272 0.0260 0.0286  1 00:000:00000 03:268:71406
21731S003                                  -.01048       0.00077       -.00954 .00166 .00162 .00174
21731S003 SHINTOTSUKAWA   VLBI  7346 -3642142.3674  2861496.6595  4370361.6335 0.0196 0.0183 0.0210  2 03:268:71406 06:319:40458
21731S003                                  -.01048       0.00077       -.00954 .00166 .00162 .00174
21731S003 SHINTOTSUKAWA   VLBI  7346 -3642142.3635  2861496.6543  4370361.6313 0.0132 0.0123 0.0143  3 06:319:40458 11:070:20783
21731S003                                  -.01048       0.00077       -.00954 .00166 .00162 .00174
21731S003 SHINTOTSUKAWA   VLBI  7346 -3642142.4183  2861496.7085  4370361.6534 0.1065 0.0904 0.1219  4 11:070:20783 13:144:20689
21731S003                                  -.02397       0.02270       0.00638 .03486 .02952 .04012
21731S003 SHINTOTSUKAWA   VLBI  7346 -3642142.4148  2861496.6947  4370361.6607 0.0528 0.0449 0.0590  5 13:144:20689 00:000:00000
21731S003                                  -.02397       0.02270       0.00638 .03486 .02952 .04012
21732S004 CHICHIJIMA / OG VLBI  7347 -4490618.0400  3483908.6216  2884899.3015 0.0085 0.0070 0.0068  1 00:000:00000 10:355:62381
21732S004                                  0.02529       0.02335       0.00800 .00105 .00084 .00098
21732S004 CHICHIJIMA / OG VLBI  7347 -4490618.0467  3483908.6254  2884899.2980 0.0069 0.0058 0.0051  2 10:355:62381 00:000:00000
21732S004                                  0.02529       0.02335       0.00800 .00105 .00084 .00098
21733S002 MINAMI TORI SIM VLBI  7310 -5227446.6497  2551381.2239  2607605.8649 0.2842 0.1684 0.1791
21733S002                                  0.00285       0.07898       0.04303 .01201 .00712 .00768
21736S002 ISHIGAKI SHIMA  VLBI  7365 -3263995.1831  4808056.3451  2619948.7892 0.0250 0.0332 0.0214  1 00:000:00000 11:070:20783
21736S002                                  -.04626       0.00149       -.04629 .00371 .00504 .00332
21736S002 ISHIGAKI SHIMA  VLBI  7365 -3263995.1846  4808056.3339  2619948.7797 0.0126 0.0172 0.0107  2 11:070:20783 00:000:00000
21736S002                                  -.04626       0.00149       -.04629 .00371 .00504 .00332
21739S001 MIURA           VLBI  7336 -3976129.7116  3377927.8832  3656753.9284 0.0719 0.0667 0.0668  1 00:000:00000 00:183:00000
21739S001                                  0.01440       -.00064       0.00433 .00437 .00423 .00418
21739S001 MIURA           VLBI  7336 -3976129.7036  3377927.8625  3656753.9342 0.0677 0.0642 0.0641  2 00:183:00000 00:000:00000
21739S001                                  0.01440       -.00064       0.00433 .00437 .00423 .00418
21740S001 TATEYAMA        VLBI  7338 -4000982.9565  3375275.7606  3632213.3202 0.0807 0.0859 0.0792  1 00:000:00000 00:183:00000
21740S001                                  0.02720       -.01313       0.00674 .00505 .00547 .00504
21740S001 TATEYAMA        VLBI  7338 -4000982.9608  3375275.7308  3632213.3386 0.0718 0.0776 0.0716  2 00:183:00000 00:000:00000
21740S001                                  0.02720       -.01313       0.00674 .00505 .00547 .00504
21742S002 AIRA            VLBI  7348 -3530219.7748  4118797.4189  3344015.5613 0.0072 0.0084 0.0076  1 00:000:00000 11:070:20783
21742S002                                  -.02450       -.00894       -.01736 .00088 .00117 .00106
21742S002 AIRA            VLBI  7348 -3530219.7948  4118797.4118  3344015.5923 0.0067 0.0073 0.0064  2 11:070:20783 16:106:59106
21742S002                                  -.02628       -.00985       -.01334 .00414 .00452 .00387
21747S001 GIFU            VLBI  7354 -3787518.5299  3564247.2113  3679797.0015 0.0873 0.0809 0.0803
21747S001                                  -.01827       0.00408       -.01286 .00459 .00423 .00433
21747S002 GIFU            VLBI  7361 -3787123.6192  3564181.7473  3680274.8568 0.0497 0.0458 0.0469
21747S002                                  -.01827       0.00408       -.01286 .00459 .00423 .00433
21750S001 Tomakomai       VLBI  9001 -3680586.3051  2917515.7437  4300987.6277 1.2884 1.2843 1.2964
21750S001                                  0.00000       0.00000       0.00000 .09950 .09950 .09950
21791S001 Ishioka         VLBI  7369 -3959636.0741  3296825.4852  3747042.6289 0.0018 0.0016 0.0017
21791S001                                  -.02123       -.00360       -.00882 .00046 .00042 .00044
23907S001 Sejong Observat VLBI  7368 -3110080.0615  4082066.6519  3775076.7879 0.0022 0.0024 0.0023
23907S001                                  -.02836       -.01166       -.00805 .00057 .00062 .00060
30302S001 Hartebeesthoek  VLBI  7232  5085442.7626  2668263.8314 -2768696.7151 0.0015 0.0012 0.0014
30302S001                                  -.00102       0.01947       0.01630 .00015 .00011 .00012
30302S009 Hartebeesthoek  VLBI  7378  5085490.7984  2668161.5286 -2768692.5860 0.0013 0.0011 0.0012
30302S009                                  -.00102       0.01947       0.01630 .00015 .00011 .00012
31912S001 Santa Maria     VLBI  7390  4618524.2969 -2166020.7822  3816270.3315 0.3971 0.3820 0.3844
31912S001                                  -.00093       0.01716       0.00386 .09801 .09511 .09593
40101M003 ST JOHN'S       VLBI  7625  2612545.3778 -3426878.7840  4686756.2391 0.0023 0.0022 0.0025
40101M003                                  -.01786       -.00103       0.00835 .00010 .00010 .00010
40104S001 Algonquin       VLBI  7282   918034.4565 -4346132.3337  4561971.2334 0.0014 0.0027 0.0030
40104S001                                  -.01604       -.00366       0.00386 .00009 .00018 .00019
40105M001 Penticton       VLBI  7283 -2058840.7729 -3621286.4591  4814420.6218 0.0182 0.0288 0.0367
40105M001                                  -.01525       -.00048       -.00653 .00049 .00050 .00050
40118M001 Whitehorse      VLBI  7284 -2215212.7722 -2209260.1963  5540289.8444 0.6209 0.6138 1.3580
40118M001                                  0.03041       0.05393       -.10131 .02357 .02338 .05164
40127M004 Yellowknife     VLBI  7296 -1224399.9450 -2689273.3428  5633620.2780 0.0019 0.0022 0.0031
40127M004                                  -.02094       -.00451       0.00031 .00009 .00010 .00011
40129M001 VICTORIA/SIDNEY VLBI  7289 -2341310.3223 -3539083.8682  4745768.2108 2.4410 2.4414 2.4417
40129M001                                  -.01063       -.00011       -.00495 .09998 .09999 .09999
40400M003 Pasadena - JPL  VLBI  7263 -2493307.2080 -4655197.8494  3565520.1399 0.1199 0.1842 0.1550
40400M003                                  -.04737       -.00817       0.02919 .00418 .00647 .00542
40403M001 PALOS VERDES    VLBI  7268 -2525453.5283 -4670034.9131  3522887.1648 0.0685 0.0779 0.0738
40403M001                                  -.02985       0.02885       0.01476 .00254 .00279 .00271
40404M001 PEARBLOSSOM     VLBI  7254 -2464071.4825 -4649425.2358  3593905.9629 0.2944 0.4291 0.3710
40404M001                                  -.02366       0.01498       0.00971 .01030 .01525 .01305
40405S009 GOLDSTONE       VLBI  7222 -2356171.3318 -4646755.7453  3668470.5633 0.0114 0.0198 0.0192  1 00:000:00000 92:179:00000
40405S009                                  -.01545       0.00576       -.00185 .00047 .00081 .00078
40405S009 GOLDSTONE       VLBI  7222 -2356171.3486 -4646755.7465  3668470.5518 0.0112 0.0194 0.0187  2 92:179:00000 00:000:00000
40405S009                                  -.01545       0.00576       -.00185 .00047 .00081 .00078
40405S014 GOLDSTONE       VLBI  1513 -2351129.4178 -4655476.8229  3660956.7613 0.0548 0.0922 0.0833
40405S014                                  -.01337       0.01011       -.00593 .00209 .00359 .00319
40405S019 GOLDSTONE       VLBI  1515 -2353539.1246 -4641649.3457  3676669.9240 0.0301 0.0488 0.0502  1 00:000:00000 92:179:00000
40405S019                                  -.01656       0.00691       -.00333 .00113 .00180 .00183
40405S019 GOLDSTONE       VLBI  1515 -2353539.1352 -4641649.3514  3676669.9138 0.0204 0.0326 0.0328  2 92:179:00000 99:289:35204
40405S019                                  -.01656       0.00691       -.00333 .00113 .00180 .00183
40405S019 GOLDSTONE       VLBI  1515 -2353539.1299 -4641649.3700  3676669.9271 0.0109 0.0118 0.0113  3 99:289:35204 10:094:81643
40405S019                                  -.01539       0.00637       -.00281 .00084 .00088 .00086
40405S039 GOLDSTONE       VLBI  1516 -2351112.8303 -4655530.5456  3660912.6516 0.0163 0.0267 0.0244  1 00:000:00000 10:094:81643
40405S039                                  -.01337       0.01011       -.00593 .00209 .00359 .00319
40405S039 GOLDSTONE       VLBI  1516 -2351112.8472 -4655530.5837  3660912.6701 0.0107 0.0159 0.0158  2 10:094:81643 19:187:11993
40405S039                                  -.01431       0.00890       -.00698 .00354 .00483 .00505
40405S039 GOLDSTONE       VLBI  1516 -2351112.8515 -4655530.5494  3660912.6848 0.0723 0.1154 0.0833  3 19:187:11993 00:000:00000
40405S039                                  -.01431       0.00890       -.00698 .00354 .00483 .00505
40406M001 SAN FRANCISCO ( VLBI  7252 -2707705.3774 -4257609.0379  3888374.4948 0.2367 0.3585 0.3205  1 00:000:00000 89:274:00000
40406M001                                  -.02138       0.02172       0.01154 .00874 .01332 .01187
40406M001 SAN FRANCISCO ( VLBI  7252 -2707705.3543 -4257608.9967  3888374.4516 0.2128 0.3234 0.2887  2 89:274:00000 00:000:00000
40406M001                                  -.02138       0.02172       0.01154 .00874 .01332 .01187
40407M001 PINYON FLATS    VLBI  7256 -2369636.5342 -4761324.5749  3511116.3761 0.1494 0.2177 0.1870
40407M001                                  -.02486       0.01260       0.00888 .00534 .00777 .00669
40408S002 FAIRBANKS       VLBI  7225 -2281547.6908 -1453645.1435  5756993.0185 0.0017 0.0016 0.0029  1 00:000:00000 02:307:79961
40408S002                                  -.02151       -.00337       -.00780 .00009 .00009 .00016
40408S002 FAIRBANKS       VLBI  7225 -2281547.7238 -1453645.1901  5756993.0102 0.0013 0.0012 0.0022  2 02:307:79961 18:023:34301
40408S002                                  -.02151       -.00337       -.00780 .00009 .00009 .00016
40410M001 POINT REYES     VLBI  7251 -2732333.6308 -4217634.0871  3914491.5423 0.1931 0.2859 0.2611
40410M001                                  -.02219       0.03040       0.01847 .00742 .01101 .01005
40412M003 AUSTIN          VLBI  7271  -737793.7290 -5459892.2823  3202990.5039 2.7337 2.7342 2.7338
40412M003                                  0.00000       -.00000       -.00000 .09950 .09950 .09950
40416M001 Yakataga        VLBI  7277 -2529744.8080 -1942090.8846  5505028.9119 0.4696 0.3718 0.8481  1 00:000:00000 87:335:00000
40416M001                                  -.02392       0.01635       0.03420 .01712 .01355 .03094
40416M001 Yakataga        VLBI  7277 -2529744.8357 -1942090.8288  5505028.7771 0.4459 0.3531 0.8127  2 87:335:00000 00:000:00000
40416M001                                  -.02392       0.01635       0.03420 .01712 .01355 .03094
40419M001 Kodiak          VLBI  7278 -3026940.7562 -1575911.8616  5370362.7945 0.3960 0.2445 0.6669
40419M001                                  -.02416       -.00258       0.01212 .01542 .00955 .02598
40420M002 VANDENBERG AFB  VLBI  7223 -2678095.5359 -4525450.0793  3597410.8185 0.0213 0.0281 0.0266
40420M002                                  -.03214       0.02809       0.02519 .00085 .00114 .00108
40421M001 Nome            VLBI  7279 -2658150.9678  -693822.0322  5737236.3603 2.4531 2.4528 2.4541
40421M001                                  -.02117       -.00412       -.01116 .09998 .09998 .10000
40423M001 Sandpoint       VLBI  7280 -3425461.7057 -1214668.8302  5223857.1783 0.5250 0.2621 0.7510
40423M001                                  0.00669       0.01210       -.04195 .02051 .01026 .02929
40424S001 Kauai           VLBI  1311 -5543846.2178 -2054562.5063  2387814.6839 0.0028 0.0019 0.0023
40424S001                                  -.00907       0.06314       0.03198 .00008 .00007 .00007
40424S007 Kauai           VLBI  7298 -5543837.7871 -2054566.7241  2387852.5176 0.0012 0.0010 0.0010
40424S007                                  -.00907       0.06314       0.03198 .00008 .00007 .00007
40424S010 Kauai           VLBI  7623 -5543831.7112 -2054585.9426  2387828.7949 0.0037 0.0028 0.0033
40424S010                                  -.00907       0.06314       0.03198 .00008 .00007 .00007
40425M001 Sourdough       VLBI  7281 -2419994.0873 -1664228.3191  5643537.3508 0.6885 0.4960 1.4938  1 00:000:00000 87:335:00000
40425M001                                  -.02467       0.01596       -.03336 .02496 .01799 .05457
40425M001 Sourdough       VLBI  7281 -2419994.0826 -1664228.3513  5643537.4175 0.6464 0.4665 1.4100  2 87:335:00000 00:000:00000
40425M001                                  -.02467       0.01596       -.03336 .02496 .01799 .05457
40427M001 FORT ORD        VLBI  7266 -2697027.6869 -4354392.7821  3788078.5747 0.2925 0.4580 0.3953
40427M001                                  -.03648       0.02068       0.03535 .01065 .01672 .01443
40427M002 FORT ORD        VLBI  7241 -2699841.1874 -4359126.5769  3781051.9332 0.2769 0.4345 0.3750  1 00:000:00000 89:274:00000
40427M002                                  -.03648       0.02068       0.03535 .01065 .01672 .01443
40427M002 FORT ORD        VLBI  7241 -2699841.1468 -4359126.5267  3781051.9475 0.2635 0.4138 0.3577  2 89:274:00000 00:000:00000
40427M002                                  -.03648       0.02068       0.03535 .01065 .01672 .01443
40428M001 SANTA PAULA I   VLBI  7255 -2554478.0498 -4608627.7627  3582139.4376 0.1893 0.3046 0.2412
40428M001                                  -.05476       -.01516       0.04343 .00703 .01121 .00892
40430M001 BLACK BUTTE     VLBI  7269 -2306307.3883 -4787914.3389  3515736.1918 0.3719 0.7295 0.5151
40430M001                                  -.01903       0.00345       -.00827 .01333 .02613 .01846
40431M001 DEADMAN LAKE    VLBI  7267 -2336821.3374 -4732589.1587  3570331.4811 0.6881 0.6092 0.9362
40431M001                                  -.06480       -.08068       0.05513 .02510 .02218 .03420
40432M001 ELY             VLBI  7286 -2077236.6079 -4486712.4508  4018753.3125 0.1300 0.2483 0.2088
40432M001                                  -.01339       0.01047       -.01655 .00495 .00960 .00802
40433M004 QUINCY          VLBI  7221 -2517231.4652 -4198595.1726  4076531.2742 0.1263 0.1900 0.1774
40433M004                                  -.02425       0.00168       0.00034 .00463 .00697 .00651
40437M001 MAMMOTH LAKES   VLBI  7259 -2448247.0647 -4426737.7759  3875435.5455 0.5249 0.8295 0.7199
40437M001                                  -.01441       0.01939       -.01167 .01755 .02768 .02400
40439S002 OWENS VALLEY    VLBI  7207 -2409601.1838 -4478349.4042  3838603.1360 0.0030 0.0051 0.0051
40439S002                                  -.01819       0.00680       -.00379 .00007 .00010 .00009
40439S006 OWENS VALLEY    VLBI  7616 -2409150.4363 -4478573.1029  3838617.3264 0.0011 0.0016 0.0014
40439S006                                  -.01819       0.00680       -.00379 .00007 .00010 .00009
40440S002 WESTFORD        VLBI  7205  1492404.4509 -4457266.5370  4296881.8345 0.0014 0.0014 0.0014
40440S002                                  -.01556       -.00112       0.00391 .00006 .00007 .00008
40440S003 WESTFORD        VLBI  7209  1492206.3102 -4458130.5340  4296015.6068 0.0010 0.0011 0.0012
40440S003                                  -.01556       -.00112       0.00391 .00006 .00007 .00008
40441S001 Greenbank       VLBI  7204   882879.6305 -4924482.3298  3944130.7373 0.0057 0.0166 0.0130
40441S001                                  -.01437       -.00101       0.00270 .00020 .00052 .00044
40441S004 Greenbank       VLBI  7214   882325.3127 -4925138.0088  3943397.7259 0.0050 0.0138 0.0113  1 00:000:00000 90:335:00000
40441S004                                  -.01437       -.00101       0.00270 .00020 .00052 .00044
40441S004 Greenbank       VLBI  7214   882325.3038 -4925138.0114  3943397.7304 0.0041 0.0110 0.0092  2 90:335:00000 00:000:00000
40441S004                                  -.01437       -.00101       0.00270 .00020 .00052 .00044
40441S005 Greenbank       VLBI  7248   883555.2927 -4924490.9080  3943962.0135 0.0085 0.0284 0.0192
40441S005                                  -.01437       -.00101       0.00270 .00020 .00052 .00044
40441S007 Greenbank       VLBI  7208   883772.4899 -4924385.6113  3944042.5407 0.0034 0.0091 0.0076
40441S007                                  -.01437       -.00101       0.00270 .00020 .00052 .00044
40442S003 FORT DAVIS      VLBI  7216 -1324211.2205 -5332023.1242  3232118.2623 0.0017 0.0035 0.0029
40442S003                                  -.01255       0.00070       -.00485 .00006 .00008 .00007
40442M009 FORT DAVIS      VLBI  7900 -1324228.2100 -5332063.0410  3232022.9295 0.0135 0.0443 0.0267
40442M009                                  -.01255       0.00070       -.00485 .00006 .00008 .00007
40442S017 FORT DAVIS      VLBI  7613 -1324009.3502 -5332181.9482  3231962.3802 0.0010 0.0014 0.0012
40442S017                                  -.01255       0.00070       -.00485 .00006 .00008 .00007
40442S018 FORT DAVIS      VLBI  7624 -1330788.4000 -5328106.5681  3236427.5138 0.0051 0.0123 0.0095
40442S018                                  -.01255       0.00070       -.00485 .00006 .00008 .00007
40449M001 OCOTILLO        VLBI  7270 -2335601.0059 -4832244.2602  3434392.5610 2.9678 2.9681 2.9679
40449M001                                  0.00000       -.00000       -.00000 .09950 .09950 .09950
40451M102 Washington      VLBI  7102  1130686.2398 -4831353.0299  3994110.9747 0.0055 0.0148 0.0116
40451M102                                  -.01504       0.00017       0.00228 .00005 .00005 .00006
40451M125 Washington      VLBI  7108  1130794.4887 -4831233.7869  3994217.0710 0.0020 0.0041 0.0035  1 00:000:00000 03:001:00000
40451M125                                  -.01504       0.00017       0.00228 .00005 .00005 .00006
40451M125 Washington      VLBI  7108  1130794.2658 -4831232.9019  3994216.2808 0.0126 0.0333 0.0234  2 03:001:00000 00:000:00000
40451M125                                  -.01504       0.00017       0.00228 .00005 .00005 .00006
40451S177 Washington      VLBI  7622  1130729.9531 -4831245.9510  3994228.2748 0.0018 0.0034 0.0036
40451S177                                  -.01504       0.00017       0.00228 .00005 .00005 .00006
40452M001 BLOOMINGTON     VLBI  7291   302384.1139 -4941699.0351  4007908.4713 2.7240 2.7289 2.7320
40452M001                                  -.01480       0.00126       -.00014 .09950 .09950 .09950
40453M001 Carrollton      VLBI  7228   453520.6988 -5300506.7848  3507207.4523 2.7320 2.7346 2.7328
40453M001                                  0.00000       -.00000       -.00000 .09950 .09950 .09950
40454M001 LEONARD         VLBI  7292  -522231.5083 -5145676.8878  3720152.3748 2.7217 2.7229 2.7221
40454M001                                  -.00000       0.00000       0.00000 .09950 .09950 .09950
40455M001 Miles City      VLBI  7038 -1204438.9435 -4239211.0963  4596266.0571 2.6581 2.6615 2.6614
40455M001                                  0.00000       -.00000       -.00000 .09950 .09950 .09950
40456S001 Pietown         VLBI  7234 -1640953.9581 -5014816.0140  3575411.7832 0.0016 0.0030 0.0023  1 00:000:00000 97:245:00000
40456S001                                  -.01405       0.00023       -.00526 .00008 .00014 .00012
40456S001 Pietown         VLBI  7234 -1640953.9644 -5014816.0167  3575411.7733 0.0015 0.0028 0.0023  2 97:245:00000 01:200:00000
40456S001                                  -.01405       0.00023       -.00526 .00008 .00014 .00012
40456S001 Pietown         VLBI  7234 -1640953.9654 -5014816.0197  3575411.7754 0.0010 0.0013 0.0012  3 01:200:00000 00:000:00000
40456S001                                  -.01405       0.00023       -.00526 .00008 .00014 .00012
40457M001 Seattle         VLBI  7229 -2295347.9299 -3638029.4424  4693408.6302 2.4399 2.4405 2.4412
40457M001                                  0.00006       -.00011       0.00002 .10000 .10000 .10000
40463S001 Los Alamos, NM  VLBI  7611 -1449752.6110 -4975298.5705  3709123.8302 0.0010 0.0016 0.0013
40463S001                                  -.01414       0.00073       -.00507 .00006 .00009 .00008
40465S001 NORTH LIBERTY   VLBI  7612  -130872.5284 -4762317.0890  4226850.9946 0.0009 0.0015 0.0014
40465S001                                  -.01528       0.00143       -.00227 .00006 .00010 .00009
40466S001 KITT PEAK       VLBI  7610 -1995678.8648 -5037317.6922  3357328.0063 0.0011 0.0016 0.0013
40466S001                                  -.01344       0.00083       -.00655 .00007 .00011 .00009
40471S001 HANCOCK         VLBI  7618  1446374.8347 -4447939.6797  4322306.1904 0.0011 0.0019 0.0018
40471S001                                  -.01554       -.00161       0.00422 .00008 .00013 .00013
40473S001 BREWSTER        VLBI  7614 -2112065.2346 -3705356.5065  4726813.6594 0.0009 0.0011 0.0012
40473S001                                  -.01449       0.00049       -.00760 .00006 .00007 .00008
40477S001 Mauna Kea       VLBI  7617 -5464075.2010 -2495247.9872  2148297.4197 0.0064 0.0044 0.0039  1 00:117:00000 06:288:61669
40477S001                                  -.01348       0.06280       0.03182 .00037 .00026 .00024
40477S001 Mauna Kea       VLBI  7617 -5464075.2112 -2495247.9806  2148297.4289 0.0016 0.0013 0.0013  2 06:288:61669 18:124:81174
40477S001                                  -.01460       0.06236       0.03299 .00038 .00028 .00024
40477S001 Mauna Kea       VLBI  7617 -5464075.2010 -2495247.9843  2148297.4114 0.0071 0.0054 0.0051  3 18:124:81174 00:000:00000
40477S001                                  -.01460       0.06236       0.03299 .00038 .00028 .00024
40489S001 HAT CREEK       VLBI  7218 -2523970.3960 -4123506.2371  4147752.4798 0.0405 0.0655 0.0635
40489S001                                  -.01957       0.00507       -.00426 .00150 .00243 .00236
40490S001 MARYLAND POINT  VLBI  7217  1106629.0327 -4882907.1851  3938086.9797 0.0482 0.1618 0.1319
40490S001                                  -.01503       0.00027       0.00081 .00180 .00608 .00496
40491M003 FLAGSTAFF       VLBI  7261 -1923993.0815 -4850854.7319  3658589.2446 0.1505 0.3498 0.2646
40491M003                                  -.01776       -.00764       -.00209 .00565 .01324 .00991
40492M002 VERNAL          VLBI  7290 -1631473.5951 -4589129.0311  4106759.7311 0.2040 0.4973 0.4300
40492M002                                  -.01362       -.00431       -.00542 .00765 .01861 .01607
40493M001 YUMA            VLBI  7894 -2196778.1958 -4887336.9688  3448425.0097 0.1109 0.1926 0.1535
40493M001                                  -.01285       0.00351       -.00844 .00387 .00657 .00532
40496M002 PLATTEVILLE     VLBI  7258 -1240708.4856 -4720454.3721  4094481.5119 0.0433 0.0682 0.0632
40496M002                                  -.01560       -.00045       -.00541 .00155 .00242 .00223
40497M003 Monument Peak   VLBI  7274 -2386290.3226 -4802345.9328  3444884.3952 0.0831 0.1498 0.1116
40497M003                                  -.03680       0.02397       0.01560 .00293 .00525 .00393
40498S002 VLA             VLBI  7621 -1601147.7268 -5041733.5039  3555235.7662 1.8800 1.8803 1.8800
40498S002                                  -.00000       0.00000       0.00000 .09950 .09950 .09950
40499S001 RICHMOND        VLBI  7219   961257.8687 -5674090.0339  2740533.8331 0.0065 0.0168 0.0103
40499S001                                  -.01016       0.00051       0.00183 .00027 .00068 .00042
40499S019 RICHMOND        VLBI  7201   961255.1493 -5674092.5896  2740533.8287 0.0056 0.0148 0.0090
40499S019                                  -.01016       0.00051       0.00183 .00027 .00068 .00042
41596S002 La Plata - Arge VLBI  7641  2765116.6743 -4449233.7435 -3626420.5964 0.0100 0.0116 0.0107
41596S002                                  0.00212       -.00804       0.00822 .00152 .00158 .00154
41602S001 Forteleza       VLBI  7297  4985369.9986 -3955020.3933  -428472.0594 0.0016 0.0013 0.0011
41602S001                                  -.00235       -.00369       0.01239 .00011 .00010 .00008
41705S006 Santiago        VLBI  1404  1769693.5349 -5044504.6427 -3468434.7525 0.0361 0.0566 0.0448
41705S006                                  0.02313       -.00571       0.01175 .00180 .00283 .00224
41709S001 Sest            VLBI  7239  1838237.8440 -5258699.2549 -3100588.8965 2.4558 2.4609 2.4550
41709S001                                  -.00254       0.00044       -.00210 .09976 .09993 .09964
41719S001 Concepcion      VLBI  7640  1492054.6028 -4887961.0284 -3803541.1573 0.0042 0.0073 0.0065  1 00:000:00000 10:058:23656
41719S001                                  0.03593       -.00201       0.01678 .00044 .00073 .00066
41719S001 Concepcion      VLBI  7640  1492051.5439 -4887961.4613 -3803541.6456 0.0076 0.0128 0.0110  4 10:075:08518 11:042:72331
41719S001                                  0.02357       0.00371       0.02197 .00161 .00258 .00222
41719S001 Concepcion      VLBI  7640  1492051.5202 -4887961.4721 -3803541.6274 0.0041 0.0066 0.0057  5 11:042:72331 00:000:00000
41719S001                                  0.02357       0.00371       0.02197 .00161 .00258 .00222
42501M002 BERMUDA         VLBI  7294  2307209.5340 -4874215.8322  3394317.8845 2.7401 2.7431 2.7414
42501M002                                  -.00090       -.00055       -.00028 .09999 .09999 .09999
43201S001 SAINTE CROIX    VLBI  7615  2607848.6564 -5488069.5232  1932739.7601 0.0015 0.0022 0.0014
43201S001                                  0.00754       0.00913       0.01242 .00010 .00016 .00011
50103S001 Tidbinbilla     VLBI  1543 -4460895.3197  2682361.5230 -3674747.4932 0.0224 0.0147 0.0229
50103S001                                  -.03610       0.00036       0.04569 .00011 .00010 .00011
50103S010 Tidbinbilla     VLBI  1545 -4460936.0514  2682765.7139 -3674380.3667 0.0028 0.0023 0.0026
50103S010                                  -.03610       0.00036       0.04569 .00011 .00010 .00011
50103S027                 VLBI  1536 -4461168.8855  2682814.7011 -3674083.2892 0.0246 0.0186 0.0223
50103S027                                  -.03610       0.00036       0.04569 .00011 .00010 .00011
50107S012 Yarragadee      VLBI  7376 -2388896.2302  5043350.0138 -3078590.7566 0.0012 0.0014 0.0013
50107S012                                  -.04652       0.00826       0.05061 .00024 .00031 .00026
50108S001 Parkes          VLBI  7202 -4554232.6305  2816758.9102 -3454034.9788 0.0087 0.0059 0.0072
50108S001                                  -.03705       -.00099       0.04560 .00063 .00049 .00058
50116S002 Hobart          VLBI  7242 -3950237.4373  2522347.6985 -4311561.7990 0.0014 0.0012 0.0014
50116S002                                  -.03880       0.00788       0.04101 .00009 .00008 .00010
50116S007 Hobart          VLBI  7374 -3949990.8585  2522421.2213 -4311707.9437 0.0014 0.0012 0.0015
50116S007                                  -.03880       0.00788       0.04101 .00009 .00008 .00010
50243S001 Warkworth       VLBI  7377 -5115324.4728   477843.2913 -3767192.7669 0.0017 0.0012 0.0016
50243S001                                  -.02211       -.00295       0.03391 .00061 .00030 .00053
50505S003 KWAJALEIN ATOLL VLBI  4968 -6143535.8166  1363999.1178  1034708.1005 0.8689 0.2507 0.3272
50505S003                                  0.02499       0.07191       0.02471 .02973 .00853 .01136
59968S001 Katherine       VLBI  7375 -4147354.7208  4581542.3693 -1573303.1055 0.0014 0.0014 0.0012
59968S001                                  -.03552       -.01415       0.05639 .00039 .00042 .00027
66006S004 Syowa           VLBI  7342  1766194.2119  1460410.9106 -5932273.3282 0.0034 0.0031 0.0071
66006S004                                  0.00456       -.00081       -.00008 .00039 .00037 .00062
66008S001 O'higgins       VLBI  7245  1525833.3436 -2432463.6854 -5676174.4861 0.0021 0.0021 0.0026
66008S001                                  0.01794       -.00124       0.00037 .00019 .00020 .00028
